length = [39.0,
 0.31335999999999986,
 7.737160000000004,
 0.31336000000000297,
 7.737159999999992,
 0.31335999999999586,
 7.737159999999978,
 0.31335999999999586,
 0.31335999999999586,
 7.737159999999985,
 7.737159999999989,
 0.31335999999999586,
 7.737159999999982,
 0.31335999999999586,
 7.737159999999982,
 0.31335999999999586,
 7.7371599999999745,
 0.31335999999998876,
 7.737160000000003,
 0.23777,
 6.3037499999999955,
 0.23777000000000115,
 6.295599999999993,
 0.23776999999999937,
 6.3037500000000115,
 0.23771999999999593,
 0.2377699999999976,
 6.303750000000008,
 6.3051799999999965,
 0.2377700000000047,
 6.2955999999999435,
 0.2377700000000047,
 6.305179999999943,
 0.23771999999999593,
 6.2955999999999435,
 0.23771999999999593,
 6.305179999999943,
 0.23764,
 6.333549999999991,
 0.23764999999999947,
 6.339599999999988,
 0.23779999999999824,
 6.333549999999997,
 0.2378,
 0.23764999999999503,
 6.333549999999995,
 6.312339999999981,
 0.23780000000000712,
 6.339600000000004,
 0.23780000000000712,
 6.312339999999985,
 0.23780000000000712,
 6.339600000000004,
 0.23780000000000712,
 6.312339999999985,
 0.23775000000000002,
 6.303719999999994,
 0.23775000000000013,
 6.29556999999999,
 0.23775000000000013,
 6.303720000000007,
 0.2377500000000019,
 0.23774999999999835,
 6.30372000000002,
 6.305150000000008,
 0.23775000000001256,
 6.295569999999962,
 0.23775000000001256,
 6.305149999999962,
 0.23775000000001256,
 6.295569999999962,
 0.23775000000001256,
 6.305149999999962,
 0.23765,
 6.228359999999999,
 0.2376599999999991,
 6.228359999999998,
 0.23765999999999998,
 6.228359999999999,
 0.23765000000000214,
 0.23765999999999465,
 6.228359999999999,
 6.228359999999974,
 0.23766000000001242,
 6.228359999999945,
 0.23766000000001242,
 6.228359999999945,
 0.23766000000001242,
 6.228359999999945,
 0.23766000000001242,
 6.228359999999945,
 0.23763,
 6.228439999999999,
 0.23763000000000023,
 6.2284399999999955,
 0.23763000000000112,
 6.228439999999985,
 0.2376300000000029,
 0.2376299999999958,
 6.228439999999988,
 6.228439999999967,
 0.2376300000000029,
 6.228439999999949,
 0.2376300000000029,
 6.228439999999949,
 0.2376300000000029,
 6.228439999999949,
 0.2376300000000029,
 6.228439999999949,
 0.23761,
 6.228359999999999,
 0.23763000000000023,
 6.2283599999999995,
 0.23763000000000112,
 6.228359999999999,
 0.2376100000000001,
 0.2376299999999958,
 6.228359999999999,
 6.228359999999974,
 0.2376300000000029,
 6.228359999999945,
 0.2376300000000029,
 6.228359999999945,
 0.2376300000000029,
 6.228359999999945,
 0.2376300000000029,
 6.228359999999945,
 0.23763,
 6.228439999999999,
 0.23763000000000023,
 6.2284399999999955,
 0.23763000000000112,
 6.228439999999985,
 0.2376300000000029,
 0.2376299999999958,
 6.228439999999988,
 6.228439999999967,
 0.2376300000000029,
 6.228439999999949,
 0.2376300000000029,
 6.228439999999949,
 0.2376300000000029,
 6.228439999999949,
 0.2376300000000029,
 6.228439999999949,
 0.2377,
 6.228359999999999,
 0.23772000000000038,
 6.2283599999999995,
 0.2377199999999995,
 6.22836,
 0.2377000000000038,
 0.23771999999999593,
 6.228359999999999,
 6.228359999999977,
 0.23772000000001015,
 6.228359999999945,
 0.23772000000001015,
 6.228359999999945,
 0.23772000000001015,
 6.228359999999945,
 0.23772000000001015,
 6.228359999999945,
 0.23776000000000003,
 6.228439999999999,
 0.23775000000000013,
 6.2284399999999955,
 0.23775000000000013,
 6.228439999999983,
 0.23776000000000153,
 0.23774999999999835,
 6.228439999999988,
 6.228439999999967,
 0.23775000000001256,
 6.228439999999949,
 0.23775000000001256,
 6.228439999999949,
 0.23775000000001256,
 6.228439999999949,
 0.23775000000001256,
 6.228439999999949,
 0.23773,
 6.228359999999999,
 0.2377400000000005,
 6.228359999999998,
 0.23773999999999873,
 6.22836,
 0.2377299999999991,
 0.23773999999999873,
 6.228359999999999,
 6.228359999999977,
 0.2377400000000094,
 6.228359999999945,
 0.2377400000000094,
 6.228359999999945,
 0.23773000000000621,
 6.228359999999945,
 0.23773000000000621,
 6.228359999999945,
 0.23772000000000001,
 6.228439999999999,
 0.23772000000000126,
 6.228439999999995,
 0.23772000000000126,
 6.228439999999985,
 0.23758000000000123,
 0.23771999999999593,
 6.228439999999988,
 6.228439999999967,
 0.23771999999999593,
 6.228439999999949,
 0.23771999999999593,
 6.228439999999949,
 0.23773000000000621,
 6.228439999999949,
 0.23773000000000621,
 6.228439999999949,
 0.23617,
 6.228359999999999,
 0.23616999999999777,
 6.228359999999998,
 0.23616999999999955,
 6.228359999999999,
 0.23617000000000132,
 0.23618000000000094,
 6.228359999999999,
 6.228359999999974,
 0.23616999999999422,
 6.228359999999945,
 0.2361799999999903,
 6.228359999999945,
 0.23616999999999422,
 6.228359999999945,
 0.2361799999999903,
 6.228359999999945,
 0.23617,
 6.228439999999999,
 0.23616999999999777,
 6.228439999999995,
 0.23616999999999955,
 6.228439999999985,
 0.23617000000000132,
 0.23617000000000132,
 6.228439999999988,
 6.228439999999967,
 0.23616999999999422,
 6.228439999999949,
 0.23616999999999422,
 6.228439999999949,
 0.23616999999999422,
 6.228439999999949,
 0.23616999999999422,
 6.228439999999949,
 0.23772000000000001,
 6.228359999999999,
 0.23772000000000126,
 6.228359999999998,
 0.23772000000000126,
 6.228359999999999,
 0.2377299999999991,
 0.23771999999999593,
 6.228359999999999,
 6.228359999999977,
 0.23771999999999593,
 6.228359999999945,
 0.23771999999999593,
 6.228359999999945,
 0.23773000000000621,
 6.228359999999945,
 0.23773000000000621,
 6.228359999999945,
 0.23773,
 6.228439999999999,
 0.2377400000000005,
 6.228439999999995,
 0.23773999999999873,
 6.228439999999983,
 0.2377299999999991,
 0.23773999999999873,
 6.228439999999988,
 6.228439999999971,
 0.2377400000000094,
 6.228439999999949,
 0.2377400000000094,
 6.228439999999949,
 0.23773000000000621,
 6.228439999999949,
 0.23773000000000621,
 6.228439999999949,
 0.23776000000000003,
 6.228359999999999,
 0.23775000000000013,
 6.22836,
 0.23775000000000013,
 6.228359999999999,
 0.23776000000000153,
 0.23774999999999835,
 6.228359999999999,
 6.228359999999974,
 0.23775000000001256,
 6.228359999999945,
 0.23775000000001256,
 6.228359999999945,
 0.23775000000001256,
 6.228359999999945,
 0.23775000000001256,
 6.228359999999945,
 0.2377,
 6.228439999999999,
 0.23772000000000038,
 6.228439999999995,
 0.23773999999999873,
 6.228439999999985,
 0.2377000000000038,
 0.23771999999999593,
 6.228439999999988,
 6.228439999999971,
 0.2377400000000094,
 6.228439999999949,
 0.2377400000000094,
 6.228439999999949,
 0.23772000000001015,
 6.228439999999949,
 0.23772000000001015,
 6.228439999999949,
 0.23763,
 6.228359999999999,
 0.23763000000000023,
 6.228359999999999,
 0.23763000000000112,
 6.228359999999999,
 0.2376300000000029,
 0.2376299999999958,
 6.228359999999999,
 6.228359999999977,
 0.2376300000000029,
 6.228359999999945,
 0.2376300000000029,
 6.228359999999945,
 0.2376300000000029,
 6.228359999999945,
 0.2376300000000029,
 6.228359999999945,
 0.23761,
 6.228439999999999,
 0.23763000000000023,
 6.228439999999995,
 0.23763000000000112,
 6.228439999999983,
 0.2376100000000001,
 0.2376299999999958,
 6.228439999999988,
 6.228439999999967,
 0.2376300000000029,
 6.228439999999949,
 0.2376300000000029,
 6.228439999999949,
 0.2376300000000029,
 6.228439999999949,
 0.2376300000000029,
 6.228439999999949,
 0.23763,
 6.228359999999999,
 0.23763000000000023,
 6.228359999999999,
 0.23763000000000112,
 6.228359999999999,
 0.2376300000000029,
 0.2376299999999958,
 6.228359999999999,
 6.228359999999977,
 0.2376300000000029,
 6.228359999999945,
 0.2376300000000029,
 6.228359999999945,
 0.2376300000000029,
 6.228359999999945,
 0.2376300000000029,
 6.228359999999945,
 0.23765,
 6.228439999999999,
 0.2376599999999991,
 6.228439999999995,
 0.23765999999999998,
 6.228439999999985,
 0.23765000000000214,
 0.23765999999999465,
 6.228439999999988,
 6.228439999999971,
 0.23766000000001242,
 6.228439999999949,
 0.23766000000001242,
 6.228439999999949,
 0.23766000000001242,
 6.228439999999949,
 0.23766000000001242,
 6.228439999999949,
 0.23775000000000002,
 6.228359999999999,
 0.23775000000000013,
 6.22836,
 0.23775000000000013,
 6.228359999999999,
 0.2377500000000019,
 0.23774999999999835,
 6.228359999999999,
 6.228359999999974,
 0.23775000000001256,
 6.228359999999945,
 0.23775000000001256,
 6.228359999999945,
 0.23775000000001256,
 6.228359999999945,
 0.23775000000001256,
 6.228359999999945,
 0.2378,
 6.228439999999999,
 0.2378000000000009,
 6.228439999999995,
 0.23779999999999824,
 6.228439999999983,
 0.23764000000000252,
 0.23779999999999646,
 6.228439999999988,
 6.228439999999971,
 0.23780000000000712,
 6.228439999999949,
 0.23780000000000712,
 6.228439999999949,
 0.23765000000000924,
 6.228439999999949,
 0.23765000000000924,
 6.228439999999949,
 0.23772000000000001,
 6.228359999999999,
 0.23777000000000115,
 6.2283599999999995,
 0.23776999999999937,
 6.228359999999999,
 0.23771999999999593,
 0.23771999999999593,
 6.228359999999999,
 6.228359999999974,
 0.2377700000000047,
 6.228359999999945,
 0.2377700000000047,
 6.228359999999945,
 0.23771999999999593,
 6.228359999999945,
 0.23771999999999593,
 6.228359999999945,
 0.23779000000000003,
 6.228439999999999,
 0.23779000000000217,
 6.2284399999999955,
 0.23779000000000217,
 6.228439999999985,
 0.23778999999999684,
 0.23778999999999684,
 6.228439999999988,
 6.228439999999967,
 0.23778999999999684,
 6.228439999999949,
 0.23778999999999684,
 6.228439999999949,
 0.23778999999999684,
 6.228439999999949,
 0.23778999999999684,
 6.228439999999949,
 0.22097,
 6.228359999999999,
 0.22097000000000033,
 6.228359999999999,
 0.220970000000003,
 6.22836,
 0.22096999999999767,
 0.22097000000000122,
 6.228359999999999,
 6.228359999999977,
 0.22096999999999412,
 6.228359999999945,
 0.22096999999999412,
 6.228359999999945,
 0.22096999999999412,
 6.228359999999945,
 0.22096999999999412,
 6.228359999999945,
 0.23776000000000003,
 6.228439999999999,
 0.23776000000000153,
 6.2284399999999955,
 0.23776000000000153,
 6.228439999999983,
 0.23775999999999797,
 0.23775999999999797,
 6.228439999999988,
 6.228439999999971,
 0.23775999999999442,
 6.228439999999949,
 0.23775999999999442,
 6.228439999999949,
 0.23775999999999442,
 6.228439999999949,
 0.23775999999999442,
 6.228439999999949,
 0.23777,
 6.228359999999999,
 0.23776000000000064,
 6.228359999999999,
 0.23776000000000153,
 6.22836,
 0.2377699999999976,
 0.23776000000000153,
 6.228359999999999,
 6.228359999999974,
 0.23776000000000863,
 6.228359999999945,
 0.23776000000000863,
 6.228359999999945,
 0.23776000000000863,
 6.228359999999945,
 0.23776000000000863,
 6.228359999999945,
 0.23776000000000003,
 6.228439999999999,
 0.23775000000000013,
 6.2284399999999955,
 0.23775000000000013,
 6.228439999999983,
 0.23776000000000153,
 0.23774999999999835,
 6.228439999999988,
 6.228439999999967,
 0.23775000000001256,
 6.228439999999949,
 0.23775000000001256,
 6.228439999999949,
 0.23775000000001256,
 6.228439999999949,
 0.23775000000001256,
 6.228439999999949,
 0.23773,
 6.228359999999999,
 0.2377400000000005,
 6.228359999999998,
 0.23773999999999873,
 6.22836,
 0.23773000000000266,
 0.23773999999999873,
 6.228359999999999,
 6.228359999999974,
 0.2377400000000094,
 6.228359999999945,
 0.2377400000000094,
 6.228359999999945,
 0.2377400000000094,
 6.228359999999945,
 0.2377400000000094,
 6.228359999999945,
 0.23763,
 6.228439999999999,
 0.23763000000000023,
 6.2284399999999955,
 0.23763000000000112,
 6.228439999999985,
 0.2376300000000029,
 0.2376299999999958,
 6.228439999999988,
 6.228439999999967,
 0.2376300000000029,
 6.228439999999949,
 0.2376300000000029,
 6.228439999999949,
 0.2376300000000029,
 6.228439999999949,
 0.2376300000000029,
 6.228439999999949,
 0.23761,
 6.228359999999999,
 0.23763000000000023,
 6.2283599999999995,
 0.23763000000000112,
 6.228359999999999,
 0.2376100000000001,
 0.2376299999999958,
 6.228359999999999,
 6.228359999999974,
 0.2376300000000029,
 6.228359999999945,
 0.2376300000000029,
 6.228359999999945,
 0.2376300000000029,
 6.228359999999945,
 0.2376300000000029,
 6.228359999999945,
 0.23761,
 6.228439999999999,
 0.23763000000000023,
 6.228439999999995,
 0.23763000000000112,
 6.228439999999983,
 0.2376100000000001,
 0.2376299999999958,
 6.228439999999988,
 6.228439999999967,
 0.2376300000000029,
 6.228439999999949,
 0.2376300000000029,
 6.228439999999949,
 0.2376300000000029,
 6.228439999999949,
 0.2376300000000029,
 6.228439999999949,
 0.23763,
 6.3335599999999905,
 0.23763000000000023,
 6.339609999999989,
 0.23763000000000112,
 6.3335599999999985,
 0.2376300000000029,
 0.2376299999999958,
 6.3335599999999985,
 6.331079999999993,
 0.2376300000000029,
 6.3396100000000075,
 0.2376300000000029,
 6.331079999999993,
 0.2376300000000029,
 6.3396100000000075,
 0.2376300000000029,
 6.331079999999993,
 0.23773,
 6.303719999999994,
 0.2377400000000005,
 6.295569999999991,
 0.23773999999999873,
 6.3037200000000055,
 0.23773000000000266,
 0.23773999999999873,
 6.30372000000002,
 6.305150000000008,
 0.2377400000000094,
 6.295569999999962,
 0.2377400000000094,
 6.305149999999962,
 0.2377400000000094,
 6.295569999999962,
 0.2377400000000094,
 6.305149999999962,
 0.23776000000000003,
 6.3335599999999905,
 0.23775000000000013,
 6.33960999999999,
 0.23775000000000013,
 6.3335599999999985,
 0.23776000000000153,
 0.23774999999999835,
 6.3335599999999985,
 6.3310799999999965,
 0.23775000000001256,
 6.3396100000000075,
 0.23775000000001256,
 6.331079999999993,
 0.23775000000001256,
 6.3396100000000075,
 0.23775000000001256,
 6.331079999999993,
 0.23754999999999998,
 6.303719999999994,
 0.23776000000000064,
 6.295569999999991,
 0.23754000000000097,
 6.3037200000000055,
 0.2377699999999976,
 0.2375400000000063,
 6.30372000000002,
 6.305150000000008,
 0.23776000000000863,
 6.295569999999962,
 0.23776000000000863,
 6.305149999999962,
 0.23776000000000863,
 6.295569999999962,
 0.23776000000000863,
 6.305149999999962,
 0.23776000000000003,
 6.3335599999999905,
 0.23776000000000153,
 6.33960999999999,
 0.23776000000000153,
 6.3335599999999985,
 0.23775999999999797,
 0.23775999999999797,
 6.3335599999999985,
 6.331079999999993,
 0.23775999999999442,
 6.3396100000000075,
 0.23775999999999442,
 6.331079999999993,
 0.23775999999999442,
 6.3396100000000075,
 0.23775999999999442,
 6.331079999999993,
 0.22097,
 6.266009999999996,
 0.22097000000000033,
 6.265989999999993,
 0.220970000000003,
 6.266010000000007,
 0.22096999999999767,
 0.22097000000000122,
 6.266010000000012,
 6.26598000000001,
 0.22096999999999412,
 6.265989999999995,
 0.22096999999999412,
 6.265979999999999,
 0.22096999999999412,
 6.265989999999995,
 0.22096999999999412,
 6.265979999999999]
