length = [58.984709999999936,
 105.01337000000001,
 37.75659000000013,
 60.75445000000005,
 107.39658999999955,
 39.239340000000055,
 60.736440000000044,
 107.41852999999955,
 39.221389999999985,
 16.000919999999994,
 25.908920000000023,
 11.188929999999978,
 16.000919999999994,
 25.908920000000023,
 11.188929999999978,
 16.000919999999994,
 25.908920000000023,
 11.188929999999978,
 16.000919999999994,
 25.908920000000023,
 11.188929999999978,
 16.000919999999994,
 25.908920000000023,
 11.188929999999978,
 16.000919999999994,
 25.908920000000023,
 11.188929999999978,
 16.000919999999994,
 25.908920000000023,
 11.188929999999978,
 16.000919999999994,
 25.908920000000023,
 11.188929999999978,
 16.000919999999994,
 25.908920000000023,
 11.188929999999978,
 16.000919999999994,
 25.908920000000023,
 11.188929999999978,
 16.000919999999994,
 25.908920000000023,
 11.188929999999978,
 16.000919999999994,
 25.908920000000023,
 11.188929999999978,
 16.000919999999994,
 25.908920000000023,
 11.188929999999978,
 16.000919999999994,
 25.908920000000023,
 11.188929999999978,
 16.000919999999994,
 25.908920000000023,
 11.188929999999978,
 16.000919999999994,
 25.908920000000023,
 11.188929999999978,
 16.000919999999994,
 25.908920000000023,
 11.188929999999978,
 16.000919999999994,
 25.908920000000023,
 11.188929999999978,
 16.000919999999994,
 25.908920000000023,
 11.188929999999978,
 16.000919999999994,
 25.908920000000023,
 11.188929999999978,
 16.000919999999994,
 25.908920000000023,
 11.188929999999978,
 16.000919999999994,
 25.908920000000023,
 11.188929999999978,
 16.000919999999994,
 25.908920000000023,
 11.188929999999978,
 16.000919999999994,
 25.908920000000023,
 11.188929999999978,
 16.000919999999994,
 25.908920000000023,
 11.188929999999978,
 16.000919999999994,
 25.908920000000023,
 11.188929999999978,
 16.000919999999994,
 25.908920000000023,
 11.188929999999978,
 16.000919999999994,
 25.908920000000023,
 11.188929999999978,
 16.000919999999994,
 25.908920000000023,
 11.188929999999978,
 16.000919999999994,
 25.908920000000023,
 11.188929999999978,
 16.000919999999994,
 25.908920000000023,
 11.188929999999978,
 16.000919999999994,
 25.908920000000023,
 11.188929999999978,
 16.000919999999994,
 25.908920000000023,
 11.188929999999978,
 16.000919999999994,
 25.908920000000023,
 11.188929999999978,
 16.000919999999994,
 25.908920000000023,
 11.188929999999978,
 16.000919999999994,
 25.908920000000023,
 11.188929999999978,
 16.000919999999994,
 25.908920000000023,
 11.188929999999978,
 16.000919999999994,
 25.908920000000023,
 11.188929999999978,
 16.000919999999994,
 25.908920000000023,
 11.188929999999978,
 16.000919999999994,
 25.908920000000023,
 11.188929999999978,
 16.000919999999994,
 25.908920000000023,
 11.188929999999978,
 16.000919999999994,
 25.908920000000023,
 11.188929999999978,
 16.000919999999994,
 25.908920000000023,
 11.188929999999978,
 16.000919999999994,
 25.908920000000023,
 11.188929999999978,
 16.000919999999994,
 25.908920000000023,
 11.188929999999978,
 16.000919999999994,
 25.908920000000023,
 11.188929999999978,
 16.000919999999994,
 25.908920000000023,
 11.188929999999978,
 16.000919999999994,
 25.908920000000023,
 11.188929999999978,
 16.000919999999994,
 25.908920000000023,
 11.188929999999978,
 16.000919999999994,
 25.908920000000023,
 11.188929999999978,
 16.000919999999994,
 25.908920000000023,
 11.188929999999978,
 16.000919999999994,
 25.908920000000023,
 11.188929999999978,
 16.000919999999994,
 25.908920000000023,
 11.188929999999978,
 16.000919999999994,
 25.908920000000023,
 11.188929999999978,
 16.000919999999994,
 25.908920000000023,
 11.188929999999978,
 16.000919999999994,
 25.908920000000023,
 11.188929999999978,
 16.000919999999994,
 25.908920000000023,
 11.188929999999978,
 16.000919999999994,
 25.908920000000023,
 11.188929999999978,
 16.000919999999994,
 25.908920000000023,
 11.188929999999978,
 16.000919999999994,
 25.908920000000023,
 11.188929999999978,
 16.000919999999994,
 25.908920000000023,
 11.188929999999978,
 16.000919999999994,
 25.908920000000023,
 11.188929999999978,
 16.000919999999994,
 25.908920000000023,
 11.188929999999978,
 16.000919999999994,
 25.908920000000023,
 11.188929999999978,
 16.000919999999994,
 25.908920000000023,
 11.188929999999978,
 16.000919999999994,
 25.908920000000023,
 11.188929999999978,
 16.000919999999994,
 25.908920000000023,
 11.188929999999978,
 16.000919999999994,
 25.908920000000023,
 11.188929999999978,
 16.000919999999994,
 25.908920000000023,
 11.188929999999978,
 16.000919999999994,
 25.908920000000023,
 11.188929999999978,
 16.000919999999994,
 25.908920000000023,
 11.188929999999978,
 16.000919999999994,
 25.908920000000023,
 11.188929999999978,
 16.000919999999994,
 25.908920000000023,
 11.188929999999978,
 16.000919999999994,
 25.908920000000023,
 11.188929999999978,
 16.000919999999994,
 25.908920000000023,
 11.188929999999978,
 16.000919999999994,
 25.908920000000023,
 11.188929999999978,
 16.000919999999994,
 25.908920000000023,
 11.188929999999978,
 16.000919999999994,
 25.908920000000023,
 11.188929999999978,
 16.000919999999994,
 25.908920000000023,
 11.188929999999978,
 16.000919999999994,
 25.908920000000023,
 11.188929999999978,
 16.000919999999994,
 25.908920000000023,
 11.188929999999978,
 16.000919999999994,
 25.908920000000023,
 11.188929999999978,
 16.000919999999994,
 25.908920000000023,
 11.188929999999978,
 16.000919999999994,
 25.908920000000023,
 11.188929999999978,
 16.000919999999994,
 25.908920000000023,
 11.188929999999978,
 16.000919999999994,
 25.908920000000023,
 11.188929999999978,
 16.000919999999994,
 25.908920000000023,
 11.188929999999978,
 16.000919999999994,
 25.908920000000023,
 11.188929999999978,
 16.000919999999994,
 25.908920000000023,
 11.188929999999978,
 16.000919999999994,
 25.908920000000023,
 11.188929999999978,
 16.000919999999994,
 25.908920000000023,
 11.188929999999978,
 16.000919999999994,
 25.908920000000023,
 11.188929999999978,
 16.000919999999994,
 25.908920000000023,
 11.188929999999978,
 16.000919999999994,
 25.908920000000023,
 11.188929999999978,
 16.000919999999994,
 25.908920000000023,
 11.188929999999978,
 16.000919999999994,
 25.908920000000023,
 11.188929999999978,
 16.000919999999994,
 25.908920000000023,
 11.188929999999978,
 16.000919999999994,
 25.908920000000023,
 11.188929999999978,
 16.000919999999994,
 25.908920000000023,
 11.188929999999978,
 16.000919999999994,
 25.908920000000023,
 11.188929999999978,
 16.000919999999994,
 25.908920000000023,
 11.188929999999978,
 16.000919999999994,
 25.908920000000023,
 11.188929999999978,
 16.000919999999994,
 25.908920000000023,
 11.188929999999978,
 16.000919999999994,
 25.908920000000023,
 11.188929999999978,
 16.000919999999994,
 25.908920000000023,
 11.188929999999978,
 16.000919999999994,
 25.908920000000023,
 11.188929999999978,
 16.000919999999994,
 25.908920000000023,
 11.188929999999978,
 16.000919999999994,
 25.908920000000023,
 11.188929999999978,
 16.000919999999994,
 25.908920000000023,
 11.188929999999978,
 16.000919999999994,
 25.908920000000023,
 11.188929999999978,
 16.000919999999994,
 25.908920000000023,
 11.188929999999978,
 16.000919999999994,
 25.908920000000023,
 11.188929999999978,
 16.000919999999994,
 25.908920000000023,
 11.188929999999978,
 16.000919999999994,
 25.908920000000023,
 11.188929999999978,
 16.000919999999994,
 25.908920000000023,
 11.188929999999978,
 16.000919999999994,
 25.908920000000023,
 11.188929999999978,
 16.000919999999994,
 25.908920000000023,
 11.188929999999978,
 16.000919999999994,
 25.908920000000023,
 11.188929999999978,
 16.000919999999994,
 25.908920000000023,
 11.188929999999978,
 16.000919999999994,
 25.908920000000023,
 11.188929999999978,
 16.000919999999994,
 25.908920000000023,
 11.188929999999978,
 16.000919999999994,
 25.908920000000023,
 11.188929999999978,
 16.000919999999994,
 25.908920000000023,
 11.188929999999978,
 16.000919999999994,
 25.908920000000023,
 11.188929999999978,
 16.000919999999994,
 25.908920000000023,
 11.188929999999978,
 16.000919999999994,
 25.908920000000023,
 11.188929999999978,
 16.000919999999994,
 25.908920000000023,
 11.188929999999978,
 16.000919999999994,
 25.908920000000023,
 11.188929999999978,
 16.000919999999994,
 25.908920000000023,
 11.188929999999978,
 16.000919999999994,
 25.908920000000023,
 11.188929999999978,
 16.000919999999994,
 25.908920000000023,
 11.188929999999978,
 16.000919999999994,
 25.908920000000023,
 11.188929999999978,
 16.000919999999994,
 25.908920000000023,
 11.188929999999978,
 16.000919999999994,
 25.908920000000023,
 11.188929999999978,
 16.000919999999994,
 25.908920000000023,
 11.188929999999978,
 16.000919999999994,
 25.908920000000023,
 11.188929999999978,
 16.000919999999994,
 25.908920000000023,
 11.188929999999978,
 16.000919999999994,
 25.908920000000023,
 11.188929999999978,
 16.000919999999994,
 25.908920000000023,
 11.188929999999978,
 16.000919999999994,
 25.908920000000023,
 11.188929999999978,
 16.000919999999994,
 25.908920000000023,
 11.188929999999978,
 18.639900000000008,
 29.798719999999978,
 13.633749999999992,
 83.02347999999998,
 146.5760000000002,
 52.75799000000015,
 60.736440000000044,
 107.4185099999996,
 39.221389999999985,
 60.754430000000056,
 107.39654999999954,
 39.239300000000014,
 60.736440000000044,
 107.4185099999996,
 39.221389999999985,
 60.546850000000006,
 107.15483999999992,
 39.062590000000114]
