matrix = [[999, 200, 200, 200, 200, 100, 200, 200, 200, 200, 200, 300, 200, 200, 200, 200, 200, 200, 200],
 [999, 200, 200, 200, 200, 100, 200, 200, 200, 200, 200, 300, 200, 200, 200, 200, 200, 200, 200],
 [999, 200, 200, 200, 200, 100, 200, 200, 200, 200, 200, 300, 200, 200, 200, 200, 200, 200, 200],
 [999, 200, 200, 200, 200, 100, 200, 200, 200, 200, 200, 300, 200, 200, 200, 200, 200, 200, 200],
 [999, 200, 200, 200, 200, 100, 200, 200, 200, 200, 200, 300, 200, 200, 200, 200, 200, 200, 200],
 [999, 200, 200, 200, 200, 100, 200, 200, 200, 200, 200, 300, 200, 200, 200, 200, 200, 200, 200],
 [999, 200, 200, 200, 200, 100, 200, 200, 200, 200, 200, 300, 200, 200, 200, 200, 200, 200, 200],
 [999, 200, 200, 200, 200, 100, 200, 200, 200, 200, 200, 300, 200, 200, 200, 200, 200, 200, 200],
 [999, 200, 200, 200, 200, 100, 200, 200, 200, 200, 200, 300, 200, 200, 200, 200, 200, 200, 200],
 [999, 200, 200, 200, 200, 100, 200, 200, 200, 200, 200, 300, 200, 200, 200, 200, 200, 200, 200],
 [999, 200, 200, 200, 200, 100, 200, 200, 200, 200, 200, 300, 200, 200, 200, 200, 200, 200, 200],
 [999, 200, 200, 200, 200, 100, 200, 200, 200, 200, 200, 300, 200, 200, 200, 200, 200, 200, 200],
 [999, 200, 200, 200, 200, 100, 200, 200, 200, 200, 200, 300, 200, 200, 200, 200, 200, 200, 200],
 [999, 200, 200, 200, 200, 100, 200, 200, 200, 200, 200, 300, 200, 200, 200, 200, 200, 200, 200]]
