length = [2.3551300000000026,
 13.12054999999999,
 2.3552099999999996,
 13.120549999999998,
 2.3552099999999747,
 10.432620000000028,
 2.3552099999999783,
 2.13008,
 10.535689999999995,
 2.1139500000000027,
 10.522850000000005,
 2.1139499999999956,
 8.450249999999969,
 2.1139499999999956,
 2.12682,
 10.508869999999995,
 2.126820000000002,
 10.508890000000003,
 2.126819999999995,
 8.422789999999981,
 2.126820000000002,
 2.13007,
 10.522819999999994,
 2.1139400000000013,
 10.52282000000001,
 2.1139399999999995,
 8.450239999999983,
 2.1300700000000106,
 1.4425400000000002,
 3.8410700000000007,
 1.4425399999999993,
 3.8410700000000038,
 1.4425400000000028,
 3.335410000000003,
 1.442540000000001,
 1.4425400000000002,
 3.841070000000001,
 1.4425399999999993,
 3.8410700000000038,
 1.4425400000000028,
 3.335410000000003,
 1.442540000000001,
 1.4425400000000002,
 3.841070000000001,
 1.4425399999999993,
 3.8410700000000038,
 1.4425400000000028,
 3.335410000000003,
 1.442540000000001,
 1.4425400000000002,
 3.841070000000001,
 1.4425399999999993,
 3.8410700000000038,
 1.4425400000000028,
 3.335410000000003,
 1.442540000000001,
 1.4425400000000002,
 3.841070000000001,
 1.4425399999999993,
 3.8410700000000038,
 1.4425400000000028,
 3.335410000000003,
 1.442540000000001,
 1.4425400000000002,
 3.841070000000001,
 1.4425399999999993,
 3.8410700000000038,
 1.4425400000000028,
 3.335410000000003,
 1.442540000000001,
 1.4425400000000002,
 3.841070000000001,
 1.4425399999999993,
 3.8410700000000038,
 1.4425400000000028,
 3.335410000000003,
 1.442540000000001,
 1.4425400000000002,
 3.841070000000001,
 1.4425399999999993,
 3.8410700000000038,
 1.4425400000000028,
 3.335410000000003,
 1.442540000000001,
 1.4425400000000002,
 3.841070000000001,
 1.4425399999999993,
 3.8410700000000038,
 1.4425400000000028,
 3.335410000000003,
 1.442540000000001,
 1.4425400000000002,
 3.841070000000001,
 1.4425399999999993,
 3.8410700000000038,
 1.4425400000000028,
 3.335410000000003,
 1.442540000000001,
 1.4425400000000002,
 3.841070000000001,
 1.4425399999999993,
 3.8410700000000038,
 1.4425400000000028,
 3.335410000000003,
 1.442540000000001,
 1.4425400000000002,
 3.841070000000001,
 1.4425399999999993,
 3.8410700000000038,
 1.4425400000000028,
 3.335410000000003,
 1.442540000000001,
 1.4425400000000002,
 3.841070000000001,
 1.4425399999999993,
 3.8410700000000038,
 1.4425400000000028,
 3.335410000000003,
 1.442540000000001,
 1.4425400000000002,
 3.841070000000001,
 1.4425399999999993,
 3.8410700000000038,
 1.4425400000000028,
 3.335410000000003,
 1.442540000000001,
 1.4425400000000002,
 3.841070000000001,
 1.4425399999999993,
 3.8410700000000038,
 1.4425400000000028,
 3.335410000000003,
 1.442540000000001,
 1.4425400000000002,
 3.841070000000001,
 1.4425399999999993,
 3.8410700000000038,
 1.4425400000000028,
 3.335410000000003,
 1.442540000000001,
 1.4425400000000002,
 3.841070000000001,
 1.4425399999999993,
 3.8410700000000038,
 1.4425400000000028,
 3.335410000000003,
 1.442540000000001,
 1.4425400000000002,
 3.841070000000001,
 1.4425399999999993,
 3.8410700000000038,
 1.4425400000000028,
 3.335410000000003,
 1.442540000000001,
 1.4425400000000002,
 3.841070000000001,
 1.4425399999999993,
 3.8410700000000038,
 1.4425400000000028,
 3.335410000000003,
 1.442540000000001,
 1.4425400000000002,
 3.841070000000001,
 1.4425399999999993,
 3.8410700000000038,
 1.4425400000000028,
 3.335410000000003,
 1.442540000000001,
 1.4425400000000002,
 3.841070000000001,
 1.4425399999999993,
 3.8410700000000038,
 1.4425400000000028,
 3.335410000000003,
 1.442540000000001,
 1.4425400000000002,
 3.841070000000001,
 1.4425399999999993,
 3.8410700000000038,
 1.4425400000000028,
 3.335410000000003,
 1.442540000000001,
 1.4425400000000002,
 3.841070000000001,
 1.4425399999999993,
 3.8410700000000038,
 1.4425400000000028,
 3.335410000000003,
 1.442540000000001,
 1.4425400000000002,
 3.841070000000001,
 1.4425399999999993,
 3.8410700000000038,
 1.4425400000000028,
 3.335410000000003,
 1.442540000000001,
 1.4425400000000002,
 3.841070000000001,
 1.4425399999999993,
 3.8410700000000038,
 1.4425400000000028,
 3.335410000000003,
 1.442540000000001,
 1.4425400000000002,
 3.841070000000001,
 1.4425399999999993,
 3.8410700000000038,
 1.4425400000000028,
 3.335410000000003,
 1.442540000000001,
 1.4425400000000002,
 3.841070000000001,
 1.4425399999999993,
 3.8410700000000038,
 1.4425400000000028,
 3.335410000000003,
 1.442540000000001,
 1.4425400000000002,
 3.841070000000001,
 1.4425399999999993,
 3.8410700000000038,
 1.4425400000000028,
 3.335410000000003,
 1.442540000000001,
 1.4425400000000002,
 3.841070000000001,
 1.4425399999999993,
 3.8410700000000038,
 1.4425400000000028,
 3.335410000000003,
 1.442540000000001,
 1.4425400000000002,
 3.841070000000001,
 1.4425399999999993,
 3.8410700000000038,
 1.4425400000000028,
 3.335410000000003,
 1.442540000000001,
 1.4425400000000002,
 3.841070000000001,
 1.4425399999999993,
 3.8410700000000038,
 1.4425400000000028,
 3.335410000000003,
 1.442540000000001,
 1.4425400000000002,
 3.841070000000001,
 1.4425399999999993,
 3.8410700000000038,
 1.4425400000000028,
 3.335410000000003,
 1.442540000000001,
 1.4425400000000002,
 3.841070000000001,
 1.4425399999999993,
 3.8410700000000038,
 1.4425400000000028,
 3.335410000000003,
 1.442540000000001,
 1.4425400000000002,
 3.841070000000001,
 1.4425399999999993,
 3.8410700000000038,
 1.4425400000000028,
 3.335410000000003,
 1.442540000000001,
 1.4425400000000002,
 3.841070000000001,
 1.4425399999999993,
 3.8410700000000038,
 1.4425400000000028,
 3.335410000000003,
 1.442540000000001,
 1.4425400000000002,
 3.841070000000001,
 1.4425399999999993,
 3.8410700000000038,
 1.4425400000000028,
 3.335410000000003,
 1.442540000000001,
 1.4425400000000002,
 3.841070000000001,
 1.4425399999999993,
 3.8410700000000038,
 1.4425400000000028,
 3.335410000000003,
 1.442540000000001,
 1.4425400000000002,
 3.841070000000001,
 1.4425399999999993,
 3.8410700000000038,
 1.4425400000000028,
 3.335410000000003,
 1.442540000000001,
 1.4425400000000002,
 3.841070000000001,
 1.4425399999999993,
 3.8410700000000038,
 1.4425400000000028,
 3.335410000000003,
 1.442540000000001,
 1.4425400000000002,
 3.841070000000001,
 1.4425399999999993,
 3.8410700000000038,
 1.4425400000000028,
 3.335410000000003,
 1.442540000000001,
 1.4425400000000002,
 3.841070000000001,
 1.4425399999999993,
 3.8410700000000038,
 1.4425400000000028,
 3.335410000000003,
 1.442540000000001,
 1.4425400000000002,
 3.841070000000001,
 1.4425399999999993,
 3.8410700000000038,
 1.4425400000000028,
 3.335410000000003,
 1.442540000000001,
 1.4425400000000002,
 3.841070000000001,
 1.4425399999999993,
 3.8410700000000038,
 1.4425400000000028,
 3.335410000000003,
 1.442540000000001,
 1.4425400000000002,
 3.841070000000001,
 1.4425399999999993,
 3.8410700000000038,
 1.4425400000000028,
 3.335410000000003,
 1.442540000000001,
 1.4425400000000002,
 3.841070000000001,
 1.4425399999999993,
 3.8410700000000038,
 1.4425400000000028,
 3.335410000000003,
 1.442540000000001,
 1.4425400000000002,
 3.841070000000001,
 1.4425399999999993,
 3.8410700000000038,
 1.4425400000000028,
 3.335410000000003,
 1.442540000000001,
 1.4425400000000002,
 3.841070000000001,
 1.4425399999999993,
 3.8410700000000038,
 1.4425400000000028,
 3.335410000000003,
 1.442540000000001,
 1.4425400000000002,
 3.841070000000001,
 1.4425399999999993,
 3.8410700000000038,
 1.4425400000000028,
 3.335410000000003,
 1.442540000000001,
 1.4425400000000002,
 3.841070000000001,
 1.4425399999999993,
 3.8410700000000038,
 1.4425400000000028,
 3.335410000000003,
 1.442540000000001,
 1.4425400000000002,
 3.841070000000001,
 1.4425399999999993,
 3.8410700000000038,
 1.4425400000000028,
 3.335410000000003,
 1.442540000000001,
 1.4425400000000002,
 3.841070000000001,
 1.4425399999999993,
 3.8410700000000038,
 1.4425400000000028,
 3.335410000000003,
 1.442540000000001,
 1.4425400000000002,
 3.841070000000001,
 1.4425399999999993,
 3.8410700000000038,
 1.4425400000000028,
 3.335410000000003,
 1.442540000000001,
 1.4425400000000002,
 3.841070000000001,
 1.4425399999999993,
 3.8410700000000038,
 1.4425400000000028,
 3.335410000000003,
 1.442540000000001,
 1.4425400000000002,
 3.841070000000001,
 1.4425399999999993,
 3.8410700000000038,
 1.4425400000000028,
 3.335410000000003,
 1.442540000000001,
 1.4425400000000002,
 3.841070000000001,
 1.4425399999999993,
 3.8410700000000038,
 1.4425400000000028,
 3.335410000000003,
 1.442540000000001,
 1.4425400000000002,
 4.913169999999999,
 1.4425399999999984,
 4.913169999999999,
 1.4425400000000028,
 4.233930000000017,
 1.4425400000000046,
 2.12681,
 17.814889999999988,
 2.126809999999999,
 17.814889999999966,
 2.126810000000006,
 14.049830000000028,
 2.1300799999999995,
 2.13007,
 10.535669999999993,
 2.1139400000000013,
 10.522820000000012,
 2.1139399999999995,
 8.450239999999983,
 2.1300700000000106,
 2.12681,
 10.508859999999995,
 2.1268100000000008,
 10.508860000000007,
 2.126809999999999,
 8.422799999999988,
 2.1300799999999995,
 2.13007,
 10.535669999999993,
 2.1139400000000013,
 10.522820000000012,
 2.1139399999999995,
 8.450239999999983,
 2.1300700000000106,
 2.12681,
 10.508859999999995,
 2.1268100000000008,
 10.508860000000007,
 2.126809999999999,
 8.422799999999988,
 2.1300799999999995,
 2.0840699999999996,
 10.448929999999997,
 2.084069999999995,
 10.448929999999995,
 2.0840700000000183,
 8.360960000000013,
 2.0840700000000254]
