length = [39.0,
 0.7328800000000228,
 0.7328800000000228,
 0.7328800000000228,
 0.7328800000000228,
 0.7328800000000228,
 0.7328799999999376,
 0.7328800000000228,
 0.7328800000000228,
 0.7328800000000228,
 0.7328800000000228,
 0.7328800000000228,
 0.7328800000000228,
 0.7328800000000228,
 0.7328800000000228,
 6.43633200000001,
 6.43633200000001,
 6.43633200000001,
 6.43633200000001,
 6.43633200000001,
 205.25930999999972,
 0.7328800000000228,
 0.7328800000000228,
 0.7328800000000228,
 0.7328800000000228,
 0.7328800000000228,
 0.7328800000000228,
 0.7328800000000228,
 0.7328800000000228,
 0.7328800000000228,
 0.7328800000000228,
 0.7328800000000228,
 0.7328799999998523]
