length = [39.0,
 0.36106,
 163.18136000000007,
 0.36106000000000904,
 163.1813600000021,
 0.36106000000000904,
 163.18136000000288,
 0.36106000000000904,
 163.18135999999345,
 0.3610599999999522,
 163.1813599999931,
 0.3610599999999522,
 163.1813599999931,
 0.3610599999999522,
 163.18135999999004,
 0.3610599999999522,
 163.18135999999095,
 0.3610599999999522,
 163.18135999999095,
 0.3610599999999522,
 163.18135999999095,
 0.3610599999999522,
 163.18135999999095,
 0.3610599999999522,
 163.18135999999095,
 0.3610599999999522,
 163.18135999999663,
 0.36106000000017957,
 163.18136000000095,
 0.36106000000017957,
 163.18136000000095,
 0.36106000000017957,
 163.18136000000095,
 0.36106000000017957,
 163.18136000000095,
 0.36106000000017957,
 163.18136000000095,
 0.2771499999998923,
 125.09802999999624,
 0.2771499999998923,
 125.09802999999624,
 0.2771499999998923,
 125.09802999999624,
 0.2771499999998923,
 125.09802999999624,
 0.2771499999998923,
 125.09802999999624,
 0.2771499999998923,
 125.09802999999624,
 0.2771499999998923,
 125.09802999999624,
 0.2771499999998923,
 125.09803000002216,
 0.2771499999998923,
 125.09803000002921,
 0.2771499999998923,
 125.09802999999681,
 0.2771499999998923,
 125.09802999999863,
 0.2771499999998923,
 125.09802999999863,
 0.2771499999998923,
 125.09802999999863,
 0.2771499999998923,
 125.09802999999829,
 0.2771499999998923,
 125.0980299999975,
 0.2771499999998923,
 125.09802999999741,
 0.2771499999998923,
 125.09803000000106,
 0.2771499999998923,
 125.0980299999998]
